Output Equation 1 has 10 predictions:
10.0
7.799901821293866
6.223665663507394
5.0329203537647675
4.11660861142164
3.4194788435144825
2.9017583934464786
2.5268776673306723
1.7573616871965103
1.0361548191471543
Output Equation 2 has 10 predictions:
16.0
13.172756918742923
10.816630990378858
8.891729022784345
7.361379666471097
6.182193540136069
5.301357685194663
4.6612431068566575
2.9083095724158876
1.7083026022179852
Output Equation 0 has 10 predictions:
6.0
5.372855097449066
4.592965326871486
3.858808669019592
3.2447710550494757
2.762714696621607
2.399599291748205
2.1343654395260026
1.150947885219387
0.6721477830708387
